1	-0.0
2	-0.0
3	-100.0
4	-100.0
5	-0.0
6	-40.949
7	-0.0
8	-100.0
9	-100.0
10	-100.0
11	-35.548
12	-100.0
13	-0.0
14	0.0
15	100.0
16	100.0
17	100.0
18	0.0
19	0.0
20	-0.0
21	-96.034
22	-100.0
23	-100.0
24	0.0
25	100.0
26	100.0
27	100.0
28	100.0
29	100.0
30	-0.0
31	-0.0
32	-0.0
33	-0.0
34	-0.0
35	100.0
36	100.0
37	100.0
38	100.0
39	100.0
40	0.0
41	-0.0
42	-100.0
43	-100.0
44	-40.43
45	100.0
46	100.0
47	100.0
48	100.0
49	100.0
50	0.0
51	-8.112
52	-100.0
53	-0.0
54	-100.0
55	-100.0
56	-100.0
57	0.0
58	100.0
59	100.0
60	-0.0
61	-100.0
62	-100.0
63	-100.0
64	-78.928

#Max Density: 2672.821 mA/cm^2
#Max Current: 27.657 mA
#Location of the Maximum: [-0.362 mm, 0.835 mm]
#Total Current: 553.147 mA
#Area above 80%: 28.5 mm^2