1	-100.0
2	-100.0
3	100.0
4	100.0
5	100.0
6	100.0
7	-100.0
8	-100.0
9	-100.0
10	-100.0
11	-100.0
12	-0.0
13	100.0
14	100.0
15	100.0
16	100.0
17	100.0
18	-0.0
19	-100.0
20	-100.0
21	-100.0
22	-100.0
23	82.075
24	100.0
25	100.0
26	100.0
27	100.0
28	88.206
29	-0.0
30	-100.0
31	-100.0
32	-0.0
33	-0.0
34	100.0
35	100.0
36	100.0
37	100.0
38	0.0
39	-0.0
40	-0.0
41	-24.529
42	-0.0
43	-100.0
44	-0.0
45	0.0
46	100.0
47	29.719
48	-0.0
49	-0.0
50	-0.0
51	-0.0
52	-0.0
53	-0.0
54	-100.0
55	-100.0
56	-100.0
57	-0.0
58	-75.471
59	-100.0
60	-100.0
61	-0.0
62	-0.0
63	-0.0
64	0.0

#Max Density: 2662.668 mA/cm^2
#Max Current: 27.552 mA
#Location of the Maximum: [-3.069 mm, -1.954 mm]
#Total Current: 551.046 mA
#Area above 80%: 31.21 mm^2