1	-100.0
2	-0.0
3	-100.0
4	-100.0
5	-0.0
6	-10.302
7	-100.0
8	-100.0
9	-100.0
10	-20.758
11	-100.0
12	-100.0
13	-0.0
14	0.0
15	100.0
16	100.0
17	100.0
18	-0.0
19	-0.0
20	-0.0
21	-0.0
22	-100.0
23	-34.507
24	100.0
25	100.0
26	100.0
27	100.0
28	100.0
29	0.0
30	-0.0
31	-0.0
32	-0.0
33	-0.0
34	0.0
35	100.0
36	100.0
37	100.0
38	100.0
39	100.0
40	-0.0
41	-100.0
42	-100.0
43	-100.0
44	-0.0
45	100.0
46	100.0
47	100.0
48	100.0
49	100.0
50	-0.0
51	-100.0
52	-100.0
53	-0.0
54	-100.0
55	-100.0
56	-0.0
57	100.0
58	100.0
59	0.0
60	-34.433
61	-100.0
62	-100.0
63	-100.0
64	-0.0

#Max Density: 2660.347 mA/cm^2
#Max Current: 27.528 mA
#Location of the Maximum: [-1.149 mm, 1.21 mm]
#Total Current: 550.565 mA
#Area above 80%: 29.11 mm^2