1	-100.0
2	-100.0
3	-0.0
4	0.0
5	0.0
6	-0.0
7	-100.0
8	-100.0
9	-100.0
10	-100.0
11	-100.0
12	-80.666
13	100.0
14	100.0
15	100.0
16	100.0
17	100.0
18	-0.0
19	-0.0
20	-94.466
21	-100.0
22	-100.0
23	1.42
24	100.0
25	100.0
26	100.0
27	100.0
28	100.0
29	-0.0
30	-24.159
31	-0.0
32	-0.0
33	0.0
34	100.0
35	100.0
36	100.0
37	100.0
38	100.0
39	0.0
40	-0.0
41	-100.0
42	-0.0
43	-100.0
44	98.58
45	100.0
46	100.0
47	100.0
48	100.0
49	-0.0
50	-0.0
51	-100.0
52	-28.85
53	-0.0
54	-100.0
55	-100.0
56	-0.0
57	0.0
58	-0.0
59	-71.86
60	-100.0
61	-100.0
62	-100.0
63	-0.0
64	-0.0

#Max Density: 2679.379 mA/cm^2
#Max Current: 27.725 mA
#Location of the Maximum: [-2.578 mm, 0.057 mm]
#Total Current: 554.504 mA
#Area above 80%: 29.63 mm^2