1	-100.0
2	-100.0
3	-100.0
4	-0.0
5	58.975
6	-0.0
7	-42.81
8	-100.0
9	-100.0
10	-100.0
11	-100.0
12	-100.0
13	41.025
14	100.0
15	100.0
16	100.0
17	100.0
18	0.0
19	-0.0
20	-14.759
21	-100.0
22	-100.0
23	-0.0
24	100.0
25	100.0
26	100.0
27	100.0
28	100.0
29	0.0
30	-0.0
31	-0.0
32	-0.0
33	-0.0
34	100.0
35	100.0
36	100.0
37	100.0
38	100.0
39	100.0
40	-0.0
41	-100.0
42	-100.0
43	-100.0
44	-0.0
45	100.0
46	100.0
47	100.0
48	100.0
49	0.0
50	-0.0
51	-66.108
52	-57.345
53	-0.0
54	-100.0
55	-100.0
56	-18.978
57	0.0
58	0.0
59	-0.0
60	-100.0
61	-100.0
62	-100.0
63	-0.0
64	-0.0

#Max Density: 2685.565 mA/cm^2
#Max Current: 27.789 mA
#Location of the Maximum: [-1.669 mm, 0.037 mm]
#Total Current: 555.784 mA
#Area above 80%: 28.54 mm^2