1	-100.0
2	-100.0
3	-6.411
4	0.0
5	100.0
6	29.964
7	-0.0
8	-100.0
9	-100.0
10	-100.0
11	-100.0
12	-100.0
13	100.0
14	100.0
15	100.0
16	100.0
17	100.0
18	0.0
19	-0.0
20	-100.0
21	-100.0
22	-100.0
23	-0.0
24	100.0
25	100.0
26	100.0
27	100.0
28	100.0
29	0.0
30	-0.0
31	-68.548
32	-0.0
33	-0.491
34	100.0
35	100.0
36	100.0
37	100.0
38	100.0
39	0.0
40	-0.0
41	-29.018
42	-100.0
43	-100.0
44	-0.0
45	70.036
46	100.0
47	100.0
48	100.0
49	-0.0
50	-0.0
51	-0.0
52	-0.0
53	-0.0
54	-100.0
55	-100.0
56	-100.0
57	-0.0
58	-0.0
59	-95.532
60	-100.0
61	-100.0
62	-100.0
63	-0.0
64	-0.0

#Max Density: 2685.321 mA/cm^2
#Max Current: 27.787 mA
#Location of the Maximum: [-1.958 mm, -0.823 mm]
#Total Current: 555.734 mA
#Area above 80%: 28.89 mm^2