1	-100.0
2	-100.0
3	-100.0
4	-84.081
5	0.0
6	100.0
7	20.096
8	-0.0
9	-100.0
10	-100.0
11	-0.0
12	-100.0
13	-0.0
14	0.0
15	100.0
16	100.0
17	100.0
18	100.0
19	0.0
20	-4.218
21	-100.0
22	-0.0
23	-100.0
24	-0.0
25	100.0
26	100.0
27	100.0
28	100.0
29	100.0
30	0.0
31	-0.0
32	-100.0
33	-0.0
34	-0.0
35	79.904
36	100.0
37	100.0
38	100.0
39	100.0
40	100.0
41	-0.0
42	-100.0
43	-94.143
44	-0.0
45	-0.0
46	100.0
47	100.0
48	100.0
49	100.0
50	0.0
51	-0.0
52	-100.0
53	-0.0
54	-100.0
55	-100.0
56	-100.0
57	-77.847
58	-0.0
59	-0.0
60	-100.0
61	-100.0
62	-100.0
63	-39.71
64	-0.0

#Max Density: 2648.467 mA/cm^2
#Max Current: 27.405 mA
#Location of the Maximum: [0.172 mm, -0.582 mm]
#Total Current: 548.107 mA
#Area above 80%: 28.9 mm^2