1	-100.0
2	-100.0
3	-100.0
4	-0.0
5	-0.0
6	-54.035
7	-100.0
8	-100.0
9	-77.499
10	-0.0
11	-100.0
12	-63.108
13	0.0
14	100.0
15	100.0
16	100.0
17	0.0
18	-0.0
19	-0.0
20	-0.0
21	-0.0
22	-100.0
23	0.0
24	100.0
25	100.0
26	100.0
27	100.0
28	24.554
29	-0.0
30	-0.0
31	-0.0
32	-0.0
33	0.0
34	100.0
35	100.0
36	100.0
37	100.0
38	100.0
39	-0.0
40	-5.358
41	-100.0
42	-0.0
43	-100.0
44	100.0
45	100.0
46	100.0
47	100.0
48	100.0
49	-0.0
50	-100.0
51	-100.0
52	-100.0
53	-0.0
54	-100.0
55	-100.0
56	100.0
57	100.0
58	75.446
59	-0.0
60	-100.0
61	-100.0
62	-100.0
63	-100.0
64	-0.0

#Max Density: 2654.649 mA/cm^2
#Max Current: 27.469 mA
#Location of the Maximum: [-2.453 mm, 1.198 mm]
#Total Current: 549.386 mA
#Area above 80%: 30.5 mm^2