1	-100.0
2	-100.0
3	-100.0
4	-0.0
5	-0.0
6	-63.803
7	-100.0
8	-100.0
9	-62.815
10	-0.0
11	-100.0
12	-65.437
13	41.711
14	100.0
15	100.0
16	100.0
17	0.0
18	-0.0
19	-0.0
20	-0.0
21	-0.0
22	-100.0
23	0.0
24	100.0
25	100.0
26	100.0
27	100.0
28	0.0
29	-0.0
30	-0.0
31	-0.0
32	-0.0
33	0.0
34	100.0
35	100.0
36	100.0
37	100.0
38	100.0
39	-0.0
40	-29.604
41	-100.0
42	-0.0
43	-100.0
44	100.0
45	100.0
46	100.0
47	100.0
48	100.0
49	-0.0
50	-100.0
51	-100.0
52	-100.0
53	-0.0
54	-100.0
55	-78.34
56	100.0
57	100.0
58	58.289
59	-0.0
60	-100.0
61	-100.0
62	-100.0
63	-100.0
64	-0.0

#Max Density: 2658.288 mA/cm^2
#Max Current: 27.507 mA
#Location of the Maximum: [-2.628 mm, 1.182 mm]
#Total Current: 550.139 mA
#Area above 80%: 30.74 mm^2