1	-100.0
2	-100.0
3	-100.0
4	-65.255
5	100.0
6	100.0
7	100.0
8	-0.0
9	-100.0
10	-100.0
11	-100.0
12	-100.0
13	-0.0
14	100.0
15	100.0
16	100.0
17	100.0
18	100.0
19	0.0
20	-100.0
21	-100.0
22	-100.0
23	-100.0
24	0.0
25	100.0
26	100.0
27	100.0
28	100.0
29	100.0
30	0.0
31	-0.0
32	-100.0
33	-0.0
34	-0.0
35	100.0
36	100.0
37	100.0
38	100.0
39	100.0
40	0.0
41	-0.0
42	-100.0
43	-46.93
44	-0.0
45	-0.0
46	0.0
47	100.0
48	100.0
49	0.0
50	-0.0
51	-0.0
52	-0.0
53	-0.0
54	-0.0
55	-100.0
56	-100.0
57	-100.0
58	-20.931
59	-0.0
60	-100.0
61	-66.885
62	-100.0
63	-0.0
64	-0.0

#Max Density: 2659.376 mA/cm^2
#Max Current: 27.518 mA
#Location of the Maximum: [-0.055 mm, -1.213 mm]
#Total Current: 550.364 mA
#Area above 80%: 28.83 mm^2