1	-0.0
2	-0.0
3	-100.0
4	-100.0
5	-0.0
6	-69.066
7	-0.0
8	-100.0
9	-100.0
10	-100.0
11	-0.0
12	-100.0
13	-0.0
14	0.0
15	49.739
16	100.0
17	100.0
18	0.0
19	-0.0
20	-0.0
21	-0.0
22	-100.0
23	-100.0
24	0.0
25	100.0
26	100.0
27	100.0
28	100.0
29	51.743
30	-0.0
31	-0.0
32	-0.0
33	-0.0
34	-0.0
35	100.0
36	100.0
37	100.0
38	100.0
39	100.0
40	0.0
41	-0.0
42	-100.0
43	-100.0
44	-100.0
45	100.0
46	100.0
47	100.0
48	100.0
49	100.0
50	0.0
51	-61.857
52	-100.0
53	-25.395
54	-100.0
55	-100.0
56	-43.682
57	98.519
58	100.0
59	100.0
60	-0.0
61	-100.0
62	-100.0
63	-100.0
64	-100.0

#Max Density: 2670.208 mA/cm^2
#Max Current: 27.63 mA
#Location of the Maximum: [-0.543 mm, 1.253 mm]
#Total Current: 552.606 mA
#Area above 80%: 28.79 mm^2