1	-100.0
2	-100.0
3	-100.0
4	0.0
5	68.98
6	-0.0
7	-38.83
8	-100.0
9	-100.0
10	-100.0
11	-100.0
12	-100.0
13	100.0
14	100.0
15	100.0
16	100.0
17	100.0
18	-0.0
19	-0.0
20	-83.241
21	-100.0
22	-100.0
23	0.0
24	100.0
25	100.0
26	100.0
27	100.0
28	100.0
29	0.0
30	-0.0
31	-0.0
32	-0.0
33	-0.0
34	100.0
35	100.0
36	100.0
37	100.0
38	100.0
39	31.02
40	-0.0
41	-100.0
42	-0.0
43	-100.0
44	0.0
45	100.0
46	100.0
47	100.0
48	100.0
49	0.0
50	-0.0
51	-100.0
52	-64.787
53	-0.0
54	-100.0
55	-100.0
56	-0.0
57	0.0
58	0.0
59	-13.141
60	-100.0
61	-100.0
62	-100.0
63	-0.0
64	-0.0

#Max Density: 2678.19 mA/cm^2
#Max Current: 27.713 mA
#Location of the Maximum: [-1.971 mm, -0.056 mm]
#Total Current: 554.258 mA
#Area above 80%: 28.72 mm^2