1	-45.078
2	-100.0
3	-100.0
4	-100.0
5	-4.336
6	0.0
7	100.0
8	100.0
9	-44.979
10	-100.0
11	-0.0
12	-100.0
13	-100.0
14	-0.0
15	0.0
16	100.0
17	100.0
18	100.0
19	100.0
20	0.0
21	-100.0
22	-0.0
23	-100.0
24	-100.0
25	0.0
26	100.0
27	100.0
28	100.0
29	100.0
30	100.0
31	86.828
32	-100.0
33	-0.0
34	-0.0
35	-0.0
36	13.172
37	100.0
38	100.0
39	100.0
40	100.0
41	100.0
42	-100.0
43	-0.0
44	-0.0
45	-0.0
46	-0.0
47	0.0
48	100.0
49	100.0
50	100.0
51	0.0
52	-100.0
53	-100.0
54	-0.0
55	-0.0
56	-100.0
57	-100.0
58	-100.0
59	-0.0
60	-0.0
61	-5.606
62	-100.0
63	-100.0
64	-100.0

#Max Density: 2644.857 mA/cm^2
#Max Current: 27.368 mA
#Location of the Maximum: [2.022 mm, -1.043 mm]
#Total Current: 547.359 mA
#Area above 80%: 29.98 mm^2