1	-100.0
2	-100.0
3	-79.877
4	100.0
5	100.0
6	100.0
7	100.0
8	-2.897
9	-100.0
10	-100.0
11	-100.0
12	-100.0
13	0.0
14	100.0
15	100.0
16	100.0
17	100.0
18	100.0
19	-0.0
20	-100.0
21	-100.0
22	-100.0
23	-100.0
24	100.0
25	100.0
26	100.0
27	100.0
28	100.0
29	100.0
30	-0.0
31	-100.0
32	-63.495
33	-0.0
34	-0.0
35	100.0
36	100.0
37	100.0
38	100.0
39	0.0
40	-0.0
41	-100.0
42	-100.0
43	-100.0
44	-0.0
45	0.0
46	0.0
47	100.0
48	0.0
49	-0.0
50	-0.0
51	-0.0
52	-0.0
53	-0.0
54	-0.0
55	-100.0
56	-100.0
57	-9.466
58	-78.056
59	-66.21
60	-100.0
61	-0.0
62	-0.0
63	-0.0
64	0.0

#Max Density: 2660.6 mA/cm^2
#Max Current: 27.531 mA
#Location of the Maximum: [-0.807 mm, -1.964 mm]
#Total Current: 550.618 mA
#Area above 80%: 29.26 mm^2