1	0.0
2	-63.855
3	-66.842
4	-66.842
5	-66.842
6	-0.0
7	66.842
8	35.9
9	-66.842
10	-66.842
11	0.0
12	-66.842
13	-66.842
14	-66.842
15	66.842
16	66.842
17	66.842
18	66.842
19	66.842
20	18.999
21	-66.842
22	0.0
23	-66.842
24	-66.842
25	66.842
26	66.842
27	66.842
28	66.842
29	66.842
30	66.842
31	66.842
32	-66.842
33	55.555
34	-66.842
35	-19.829
36	66.842
37	66.842
38	66.842
39	66.842
40	66.842
41	66.842
42	-66.842
43	-0.0
44	-0.0
45	-0.0
46	0.0
47	66.842
48	66.842
49	66.842
50	66.842
51	66.842
52	-66.842
53	-66.842
54	-0.0
55	-66.842
56	-66.842
57	-66.842
58	-66.842
59	6.387
60	0.0
61	-0.0
62	-66.842
63	-66.842
64	-66.842
65	-100.0

#Max Density: 32.591 mA/cm^2
#Max Current: 32.591 mA
#Location of the Maximum: [1.93 mm, -0.405 mm]
#Total Current: 1121.823 mA
#Area above 80%: 35.11 mm^2