1	-12.512
2	11.378
3	12.512
4	12.512
5	12.512
6	-12.512
7	-12.512
8	-12.512
9	-12.512
10	-12.512
11	-12.512
12	12.512
13	12.512
14	12.512
15	12.512
16	12.512
17	4.077
18	-12.512
19	-12.512
20	-9.751
21	-0.0
22	12.512
23	12.512
24	12.512
25	12.512
26	12.512
27	12.512
28	12.512
29	-12.512
30	-12.512
31	-0.0
32	0.0
33	12.512
34	12.512
35	12.512
36	12.512
37	12.512
38	12.512
39	-0.0
40	-12.512
41	-0.0
42	-0.0
43	12.512
44	12.512
45	12.512
46	12.512
47	12.512
48	0.0
49	-12.512
50	-12.512
51	-0.0
52	-0.0
53	0.0
54	-12.512
55	-2.811
56	12.512
57	0.0
58	-12.512
59	-12.512
60	-12.512
61	-12.512
62	-12.512
63	-0.0
64	9.52
65	-100.0

#Max Density: 1029.9 mA/cm^2
#Max Current: 85.172 mA
#Location of the Maximum: [-5.122 mm, -0.531 mm]
#Total Current: 309.012 mA
#Area above 80%: 73.16 mm^2