1	-5.32
2	-12.512
3	-12.512
4	-12.512
5	12.512
6	12.512
7	12.512
8	12.512
9	-7.882
10	-12.512
11	-0.0
12	-12.512
13	-10.071
14	0.0
15	12.512
16	12.512
17	12.512
18	12.512
19	12.512
20	0.0
21	-12.512
22	-12.512
23	-12.512
24	-0.0
25	12.512
26	12.512
27	12.512
28	12.512
29	12.512
30	12.512
31	0.0
32	-12.512
33	-0.0
34	-0.0
35	12.512
36	12.512
37	12.512
38	12.512
39	12.512
40	12.512
41	12.512
42	-12.512
43	-12.512
44	-1.801
45	0.0
46	12.512
47	12.512
48	12.512
49	12.512
50	12.512
51	12.463
52	-12.512
53	-12.512
54	-12.512
55	-12.512
56	-12.512
57	-0.0
58	0.0
59	12.512
60	0.0
61	-0.0
62	-12.512
63	-12.512
64	-12.512
65	-100.0

#Max Density: 1030.261 mA/cm^2
#Max Current: 85.202 mA
#Location of the Maximum: [0.975 mm, -0.421 mm]
#Total Current: 309.12 mA
#Area above 80%: 61.81 mm^2