1	1.705
2	0.0
3	-12.512
4	-12.512
5	-12.512
6	-12.512
7	-3.739
8	-0.0
9	-12.512
10	-12.512
11	0.0
12	-0.0
13	-0.0
14	-12.512
15	-12.512
16	12.512
17	12.512
18	12.512
19	12.512
20	12.512
21	-12.512
22	0.0
23	-1.911
24	-12.512
25	-0.0
26	12.512
27	12.512
28	12.512
29	12.512
30	12.512
31	12.512
32	8.846
33	0.0
34	-12.512
35	-12.512
36	12.512
37	12.512
38	12.512
39	12.512
40	12.512
41	12.512
42	12.512
43	-6.679
44	-12.512
45	-12.512
46	-0.0
47	12.512
48	12.512
49	12.512
50	12.512
51	12.512
52	12.512
53	-12.512
54	-12.512
55	-12.512
56	-12.512
57	-12.512
58	1.913
59	12.512
60	12.512
61	12.512
62	12.512
63	-0.232
64	-12.512
65	-100.0

#Max Density: 1028.356 mA/cm^2
#Max Current: 85.045 mA
#Location of the Maximum: [4.037 mm, 1.308 mm]
#Total Current: 308.548 mA
#Area above 80%: 69.12 mm^2